pf: 0.2689414213699951 
pf: 0.289050497374996
pf: 0.31002551887238755
pf: 0.3318122278318339
pf: 0.35434369377420455
pf: 0.3775406687981454
pf: 0.401312339887548
pf: 0.425557483188341
pf: 0.45016600268752216
pf: 0.47502081252106
pf: 0.49750002083312506
pf: 0.4997500000208333
pf: 0.5

g
0.6369664713130023
0.5117903314858268
0.382904052734375
0.24208450247533614
0.10788107617986577
-0.040507247958678286
-0.1987433713366052
-0.3617469326063796
-0.5386977658320813
-0.7367098941658703
-0.9384765625
-0.9521432715541753
-0.9541385503868145

e
0.9648513868451118
0.8475331654689704
0.730388397937257
0.6097469478991127
0.48101835901641726
0.34337225181842174
0.19847853464215953
0.043426372091174004
-0.12310288754782026
-0.3106643476053096
-0.4978324695829641
-0.5176191828087624
-0.522867381837526

normol
